Yıl,İl,Toplam,Erkek,Kadın
2023,Adana,2270298,1135046,1135252
2023,Adıyaman,604978,306779,298199
2023,Afyonkarahisar,751344,374705,376639
2023,Ağrı,511238,265585,245653
2023,Aksaray,438504,219006,219498
2023,Amasya,339529,168290,171239
2023,Ankara,5803482,2860361,2943121
2023,Antalya,2696249,1357198,1339051
2023,Ardahan,92819,48239,44580
2023,Artvin,172356,86355,86001
2023,Aydın,1161702,576262,585440
2023,Balıkesir,1273519,634259,639260
2023,Bartın,207238,103087,104151
2023,Batman,647205,327361,319844
2023,Bayburt,86047,43603,42444
2023,Bilecik,228058,115418,112640
2023,Bingöl,285655,144014,141641
2023,Bitlis,359747,186038,173709
2023,Bolu,324789,161319,163470
2023,Burdur,277452,138441,139011
2023,Bursa,3214571,1605941,1608630
2023,Çanakkale,570499,285346,285153
2023,Çankırı,205501,103037,102464
2023,Çorum,528351,261950,266401
2023,Denizli,1059082,526717,532365
2023,Diyarbakır,1818133,918980,899153
2023,Düzce,409865,204734,205131
2023,Edirne,419913,210653,209260
2023,Elazığ,604411,298845,305566
2023,Erzincan,243399,124244,119155
2023,Erzurum,749993,372622,377371
2023,Eskişehir,915418,454606,460812
2023,Gaziantep,2164134,1091830,1072304
2023,Giresun,461712,230728,230984
2023,Gümüşhane,148539,74581,73958
2023,Hakkari,287625,154235,133390
2023,Hatay,1544640,782303,762337
2023,Iğdır,209738,109710,100028
2023,Isparta,449777,222515,227262
2023,İstanbul,15655924,7806787,7849137
2023,İzmir,4479525,2221180,2258345
2023,Kahramanmaraş,1116618,568064,548554
2023,Karabük,255242,128370,126872
2023,Karaman,263960,131571,132389
2023,Kars,278335,144024,134311
2023,Kastamonu,388990,192048,196942
2023,Kayseri,1445683,722569,723114
2023,Kırıkkale,285744,142651,143093
2023,Kırklareli,377156,190769,186387
2023,Kırşehir,247179,122754,124425
2023,Kilis,155179,78198,76981
2023,Kocaeli,2102907,1061291,1041616
2023,Konya,2320241,1152384,1167857
2023,Kütahya,575674,284542,291132
2023,Malatya,742725,373688,369037
2023,Manisa,1475716,741274,734442
2023,Mardin,888874,446320,442554
2023,Mersin,1938389,969526,968863
2023,Muğla,1066736,541870,524866
2023,Muş,399879,203272,196607
2023,Nevşehir,315994,155897,160097
2023,Niğde,377080,188774,188306
2023,Ordu,775800,386605,389195
2023,Osmaniye,557666,280450,277216
2023,Rize,350506,175231,175275
2023,Sakarya,1098115,550484,547631
2023,Samsun,1377546,681565,695981
2023,Siirt,347412,180736,166676
2023,Sinop,229716,114183,115533
2023,Sivas,650401,325125,325276
2023,Şanlıurfa,2213964,1116834,1097130
2023,Şırnak,570745,299177,271568
2023,Tekirdağ,1167059,595133,571926
2023,Tokat,606934,301234,305700
2023,Trabzon,824352,409040,415312
2023,Tunceli,89317,47110,42207
2023,Uşak,377001,187253,189748
2023,Van,1127612,574993,552619
2023,Yalova,304780,152100,152680
2023,Yozgat,420699,210051,210648
2023,Zonguldak,591492,294001,297491
2022,Adana,2274106,1137455,1136651
2022,Adıyaman,635169,320177,314992
2022,Afyonkarahisar,747555,373459,374096
2022,Ağrı,510626,264465,246161
2022,Aksaray,433055,216983,216072
2022,Amasya,338267,169198,169069
2022,Ankara,5782285,2856479,2925806
2022,Antalya,2688004,1351702,1336302
2022,Ardahan,92481,47946,44535
2022,Artvin,169403,84946,84457
2022,Aydın,1148241,569291,578950
2022,Balıkesir,1257590,626430,631160
2022,Bartın,203351,100969,102382
2022,Batman,634491,320901,313590
2022,Bayburt,84241,42851,41390
2022,Bilecik,228673,117618,111055
2022,Bingöl,282556,142511,140045
2022,Bitlis,353988,182927,171061
2022,Bolu,320824,158704,162120
2022,Burdur,273799,136583,137216
2022,Bursa,3194720,1595869,1598851
2022,Çanakkale,559383,279416,279967
2022,Çankırı,195766,98614,97152
2022,Çorum,524130,260355,263775
2022,Denizli,1056332,525359,530973
2022,Diyarbakır,1804880,910472,894408
2022,Düzce,405131,202950,202181
2022,Edirne,414714,208328,206386
2022,Elazığ,591497,292396,299101
2022,Erzincan,239223,121086,118137
2022,Erzurum,749754,373375,376379
2022,Eskişehir,906617,451335,455282
2022,Gaziantep,2154051,1087763,1066288
2022,Giresun,450862,225175,225687
2022,Gümüşhane,144544,72485,72059
2022,Hakkari,275333,143568,131765
2022,Hatay,1686043,847128,838915
2022,Iğdır,203594,104931,98663
2022,Isparta,445325,219840,225485
2022,İstanbul,15907951,7955820,7952131
2022,İzmir,4462056,2215716,2246340
2022,Kahramanmaraş,1177436,598004,579432
2022,Karabük,252058,126216,125842
2022,Karaman,260838,130280,130558
2022,Kars,274829,140724,134105
2022,Kastamonu,378115,186902,191213
2022,Kayseri,1441523,721809,719714
2022,Kırıkkale,277046,138638,138408
2022,Kırklareli,369347,187041,182306
2022,Kırşehir,244519,120932,123587
2022,Kilis,147919,74504,73415
2022,Kocaeli,2079072,1050743,1028329
2022,Konya,2296347,1141206,1155141
2022,Kütahya,580701,286833,293868
2022,Malatya,812580,405398,407182
2022,Manisa,1468279,737888,730391
2022,Mardin,870374,436361,434013
2022,Mersin,1916432,958642,957790
2022,Muğla,1048185,533368,514817
2022,Muş,399202,203315,195887
2022,Nevşehir,310011,152912,157099
2022,Niğde,365419,182822,182597
2022,Ordu,763190,380997,382193
2022,Osmaniye,559405,281924,277481
2022,Rize,344016,172187,171829
2022,Sakarya,1080080,541449,538631
2022,Samsun,1368488,676798,691690
2022,Siirt,331311,167906,163405
2022,Sinop,220799,109900,110899
2022,Sivas,634924,318018,316906
2022,Şanlıurfa,2170110,1093998,1076112
2022,Şırnak,557605,291045,266560
2022,Tekirdağ,1142451,583014,559437
2022,Tokat,596454,296442,300012
2022,Trabzon,818023,406061,411962
2022,Tunceli,84366,44541,39825
2022,Uşak,375454,186693,188761
2022,Van,1128749,575453,553296
2022,Yalova,296333,147904,148429
2022,Yozgat,418442,209814,208628
2022,Zonguldak,588510,291854,296656
2021,Adana,2263373,1130862,1132511
2021,Adıyaman,632148,318619,313529
2021,Afyonkarahisar,744179,371421,372758
2021,Ağrı,524644,271889,252755
2021,Aksaray,429069,214841,214228
2021,Amasya,335331,167033,168298
2021,Ankara,5747325,2843409,2903916
2021,Antalya,2619832,1314755,1305077
2021,Ardahan,94932,49168,45764
2021,Artvin,169543,85952,83591
2021,Aydın,1134031,563037,570994
2021,Balıkesir,1250610,625527,625083
2021,Bartın,201711,99960,101751
2021,Batman,626319,315752,310567
2021,Bayburt,85042,43402,41640
2021,Bilecik,228334,118903,109431
2021,Bingöl,283112,143049,140063
2021,Bitlis,352277,181813,170464
2021,Bolu,320014,158580,161434
2021,Burdur,273716,137372,136344
2021,Bursa,3147818,1573362,1574456
2021,Çanakkale,557276,280334,276942
2021,Çankırı,196515,99278,97237
2021,Çorum,526282,261366,264916
2021,Denizli,1051056,523498,527558
2021,Diyarbakır,1791373,904188,887185
2021,Düzce,400976,200612,200364
2021,Edirne,412115,207863,204252
2021,Elazığ,588088,291380,296708
2021,Erzincan,237351,120367,116984
2021,Erzurum,756893,377261,379632
2021,Eskişehir,898369,447761,450608
2021,Gaziantep,2130432,1075409,1055023
2021,Giresun,450154,224380,225774
2021,Gümüşhane,150119,75481,74638
2021,Hakkari,278218,146613,131605
2021,Hatay,1670712,840197,830515
2021,Iğdır,203159,104946,98213
2021,Isparta,445678,220699,224979
2021,İstanbul,15840900,7933686,7907214
2021,İzmir,4425789,2199287,2226502
2021,Kahramanmaraş,1171298,594776,576522
2021,Karabük,249287,124524,124763
2021,Karaman,258838,129551,129287
2021,Kars,281077,144396,136681
2021,Kastamonu,375592,186116,189476
2021,Kayseri,1434357,719061,715296
2021,Kırıkkale,275968,137654,138314
2021,Kırklareli,366363,186444,179919
2021,Kırşehir,242944,120301,122643
2021,Kilis,145826,73803,72023
2021,Kocaeli,2033441,1027775,1005666
2021,Konya,2277017,1131923,1145094
2021,Kütahya,578640,284739,293901
2021,Malatya,808692,403607,405085
2021,Manisa,1456626,731208,725418
2021,Mardin,862757,432288,430469
2021,Mersin,1891145,944392,946753
2021,Muğla,1021141,517961,503180
2021,Muş,405228,206375,198853
2021,Nevşehir,308003,152189,155814
2021,Niğde,363725,182216,181509
2021,Ordu,760872,379700,381172
2021,Osmaniye,553012,278847,274165
2021,Rize,345662,173430,172232
2021,Sakarya,1060876,531366,529510
2021,Samsun,1371274,678072,693202
2021,Siirt,331980,168881,163099
2021,Sinop,218408,108472,109936
2021,Sivas,636121,318954,317167
2021,Şanlıurfa,2143020,1079015,1064005
2021,Şırnak,546589,283527,263062
2021,Tekirdağ,1113400,570355,543045
2021,Tokat,602567,299357,303210
2021,Trabzon,816684,405047,411637
2021,Tunceli,83645,44423,39222
2021,Uşak,373183,185891,187292
2021,Van,1141015,581945,559070
2021,Yalova,291001,145740,145261
2021,Yozgat,418500,208646,209854
2021,Zonguldak,589684,291822,297862
2020,Adana,2258718,1127516,1131202
2020,Adıyaman,632459,318755,313704
2020,Afyonkarahisar,736912,367399,369513
2020,Ağrı,535435,276800,258635
2020,Aksaray,423011,211232,211779
2020,Amasya,335494,167624,167870
2020,Ankara,5663322,2805877,2857445
2020,Antalya,2548308,1281943,1266365
2020,Ardahan,96161,49811,46350
2020,Artvin,169501,85523,83978
2020,Aydın,1119084,557066,562018
2020,Balıkesir,1240285,619765,620520
2020,Bartın,198979,98451,100528
2020,Batman,620278,312137,308141
2020,Bayburt,81910,42002,39908
2020,Bilecik,218717,111190,107527
2020,Bingöl,281768,142670,139098
2020,Bitlis,350994,180982,170012
2020,Bolu,314802,156340,158462
2020,Burdur,267092,134124,132968
2020,Bursa,3101833,1550767,1551066
2020,Çanakkale,541548,271456,270092
2020,Çankırı,192428,97065,95363
2020,Çorum,530126,262590,267536
2020,Denizli,1040915,518742,522173
2020,Diyarbakır,1783431,899516,883915
2020,Düzce,395679,198032,197647
2020,Edirne,407763,205775,201988
2020,Elazığ,587960,291461,296499
2020,Erzincan,234431,119325,115106
2020,Erzurum,758279,378661,379618
2020,Eskişehir,888828,443227,445601
2020,Gaziantep,2101157,1060820,1040337
2020,Giresun,448721,223738,224983
2020,Gümüşhane,141702,71943,69759
2020,Hakkari,280514,148967,131547
2020,Hatay,1659320,833146,826174
2020,Iğdır,201314,103059,98255
2020,Isparta,440304,218526,221778
2020,İstanbul,15462452,7750836,7711616
2020,İzmir,4394694,2187226,2207468
2020,Kahramanmaraş,1168163,592920,575243
2020,Karabük,243614,121875,121739
2020,Karaman,254919,127829,127090
2020,Kars,284923,147150,137773
2020,Kastamonu,376377,187264,189113
2020,Kayseri,1421455,712710,708745
2020,Kırıkkale,278703,139281,139422
2020,Kırklareli,361737,184250,177487
2020,Kırşehir,243042,119725,123317
2020,Kilis,142792,72652,70140
2020,Kocaeli,1997258,1009533,987725
2020,Konya,2250020,1118850,1131170
2020,Kütahya,576688,284575,292113
2020,Malatya,806156,401610,404546
2020,Manisa,1450616,728724,721892
2020,Mardin,854716,428780,425936
2020,Mersin,1868757,933368,935389
2020,Muğla,1000773,508504,492269
2020,Muş,411117,209647,201470
2020,Nevşehir,304962,151134,153828
2020,Niğde,362071,181692,180379
2020,Ordu,761400,380031,381369
2020,Osmaniye,548556,276776,271780
2020,Rize,344359,172469,171890
2020,Sakarya,1042649,522388,520261
2020,Samsun,1356079,670675,685404
2020,Siirt,331070,168939,162131
2020,Sinop,216460,107689,108771
2020,Sivas,635889,318771,317118
2020,Şanlıurfa,2115256,1066402,1048854
2020,Şırnak,537762,279486,258276
2020,Tekirdağ,1081065,552587,528478
2020,Tokat,597861,297311,300550
2020,Trabzon,811901,402224,409677
2020,Tunceli,83443,44815,38628
2020,Uşak,369433,184225,185208
2020,Van,1149342,585854,563488
2020,Yalova,276050,138860,137190
2020,Yozgat,419095,209257,209838
2020,Zonguldak,591204,293068,298136
2019,Adana,2237940,1117032,1120908
2019,Adıyaman,626465,316112,310353
2019,Afyonkarahisar,729483,362447,367036
2019,Ağrı,536199,277887,258312
2019,Aksaray,416367,207390,208977
2019,Amasya,337800,170407,167393
2019,Ankara,5639076,2793850,2845226
2019,Antalya,2511700,1265171,1246529
2019,Ardahan,97319,50697,46622
2019,Artvin,170875,85975,84900
2019,Aydın,1110972,552626,558346
2019,Balıkesir,1228620,613474,615146
2019,Bartın,198249,97908,100341
2019,Batman,608659,306261,302398
2019,Bayburt,84843,43006,41837
2019,Bilecik,219427,112027,107400
2019,Bingöl,279812,141818,137994
2019,Bitlis,348115,179823,168292
2019,Bolu,316126,156777,159349
2019,Burdur,270796,136377,134419
2019,Bursa,3056120,1530956,1525164
2019,Çanakkale,542157,272097,270060
2019,Çankırı,195789,98683,97106
2019,Çorum,530864,263354,267510
2019,Denizli,1037208,517716,519492
2019,Diyarbakır,1756353,886190,870163
2019,Düzce,392166,196494,195672
2019,Edirne,413903,210304,203599
2019,Elazığ,591098,293415,297683
2019,Erzincan,234747,119906,114841
2019,Erzurum,762062,379893,382169
2019,Eskişehir,887475,443635,443840
2019,Gaziantep,2069364,1044799,1024565
2019,Giresun,448400,223422,224978
2019,Gümüşhane,164521,83196,81325
2019,Hakkari,280991,151143,129848
2019,Hatay,1628894,817998,810896
2019,Iğdır,199442,102417,97025
2019,Isparta,444914,221316,223598
2019,İstanbul,15519267,7790256,7729011
2019,İzmir,4367251,2174319,2192932
2019,Kahramanmaraş,1154102,586616,567486
2019,Karabük,248458,124291,124167
2019,Karaman,253279,126648,126631
2019,Kars,285410,146668,138742
2019,Kastamonu,379405,189247,190158
2019,Kayseri,1407409,705545,701864
2019,Kırıkkale,283017,141865,141152
2019,Kırklareli,361836,185070,176766
2019,Kırşehir,242938,120557,122381
2019,Kilis,142490,72520,69970
2019,Kocaeli,1953035,988098,964937
2019,Konya,2232374,1108968,1123406
2019,Kütahya,579257,285020,294237
2019,Malatya,800165,398249,401916
2019,Manisa,1440611,725238,715373
2019,Mardin,838778,420923,417855
2019,Mersin,1840425,919594,920831
2019,Muğla,983142,500602,482540
2019,Muş,408809,208534,200275
2019,Nevşehir,303010,150047,152963
2019,Niğde,362861,182177,180684
2019,Ordu,754198,376933,377265
2019,Osmaniye,538759,272242,266517
2019,Rize,343212,171571,171641
2019,Sakarya,1029650,516000,513650
2019,Samsun,1348542,669055,679487
2019,Siirt,330280,169211,161069
2019,Sinop,218243,108927,109316
2019,Sivas,638956,319624,319332
2019,Şanlıurfa,2073614,1045964,1027650
2019,Şırnak,529615,277728,251887
2019,Tekirdağ,1055412,542646,512766
2019,Tokat,612747,304938,307809
2019,Trabzon,808974,400723,408251
2019,Tunceli,84660,46082,38578
2019,Uşak,370509,184529,185980
2019,Van,1136757,578044,558713
2019,Yalova,270976,135909,135067
2019,Yozgat,421200,210127,211073
2019,Zonguldak,596053,295832,300221
2018,Adana,2220125,1106811,1113314
2018,Adıyaman,624513,314998,309515
2018,Afyonkarahisar,725568,360152,365416
2018,Ağrı,539657,280923,258734
2018,Aksaray,412172,204792,207380
2018,Amasya,337508,169920,167588
2018,Ankara,5503985,2728900,2775085
2018,Antalya,2426356,1222086,1204270
2018,Ardahan,98907,51593,47314
2018,Artvin,174010,87715,86295
2018,Aydın,1097746,546092,551654
2018,Balıkesir,1226575,612738,613837
2018,Bartın,198999,98913,100086
2018,Batman,599103,301413,297690
2018,Bayburt,82274,41377,40897
2018,Bilecik,223448,116923,106525
2018,Bingöl,281205,143524,137681
2018,Bitlis,349396,181970,167426
2018,Bolu,311810,154711,157099
2018,Burdur,269926,135240,134686
2018,Bursa,2994521,1498219,1496302
2018,Çanakkale,540662,273092,267570
2018,Çankırı,216362,109512,106850
2018,Çorum,536483,265678,270805
2018,Denizli,1027782,512109,515673
2018,Diyarbakır,1732396,875468,856928
2018,Düzce,387844,194051,193793
2018,Edirne,411528,209390,202138
2018,Elazığ,595638,296641,298997
2018,Erzincan,236034,120348,115686
2018,Erzurum,767848,383435,384413
2018,Eskişehir,871187,434112,437075
2018,Gaziantep,2028563,1023716,1004847
2018,Giresun,453912,226067,227845
2018,Gümüşhane,162748,82468,80280
2018,Hakkari,286470,157107,129363
2018,Hatay,1609856,809484,800372
2018,Iğdır,197456,102171,95285
2018,Isparta,441412,219681,221731
2018,İstanbul,15067724,7542231,7525493
2018,İzmir,4320519,2152585,2167934
2018,Kahramanmaraş,1144851,580410,564441
2018,Karabük,248014,124596,123418
2018,Karaman,251913,125992,125921
2018,Kars,288878,149510,139368
2018,Kastamonu,383373,191431,191942
2018,Kayseri,1389680,696658,693022
2018,Kırıkkale,286602,143305,143297
2018,Kırklareli,360860,185181,175679
2018,Kırşehir,241868,120278,121590
2018,Kilis,142541,72841,69700
2018,Kocaeli,1906391,963326,943065
2018,Konya,2205609,1094441,1111168
2018,Kütahya,577941,284675,293266
2018,Malatya,797036,396877,400159
2018,Manisa,1429643,720337,709306
2018,Mardin,829195,417000,412195
2018,Mersin,1814468,905520,908948
2018,Muğla,967487,493140,474347
2018,Muş,407992,208431,199561
2018,Nevşehir,298339,147438,150901
2018,Niğde,364707,183109,181598
2018,Ordu,771932,386547,385385
2018,Osmaniye,534415,269875,264540
2018,Rize,348608,174130,174478
2018,Sakarya,1010700,505645,505055
2018,Samsun,1335716,662086,673630
2018,Siirt,331670,171189,160481
2018,Sinop,219733,109296,110437
2018,Sivas,646608,323575,323033
2018,Şanlıurfa,2035809,1026719,1009090
2018,Şırnak,524190,277585,246605
2018,Tekirdağ,1029927,527975,501952
2018,Tokat,612646,305977,306669
2018,Trabzon,807903,399377,408526
2018,Tunceli,88198,49118,39080
2018,Uşak,367514,182931,184583
2018,Van,1123784,574461,549323
2018,Yalova,262234,131403,130831
2018,Yozgat,424981,211936,213045
2018,Zonguldak,599698,297303,302395
2017,Adana,2216475,1108939,1107536
2017,Adıyaman,615076,309551,305525
2017,Afyonkarahisar,715693,354438,361255
2017,Ağrı,536285,277979,258306
2017,Aksaray,402404,200233,202171
2017,Amasya,329888,164394,165494
2017,Ankara,5445026,2702492,2742534
2017,Antalya,2364396,1192582,1171814
2017,Ardahan,97096,50317,46779
2017,Artvin,166143,83524,82619
2017,Aydın,1080839,539726,541113
2017,Balıkesir,1204824,602275,602549
2017,Bartın,193577,95760,97817
2017,Batman,585252,293843,291409
2017,Bayburt,80417,40980,39437
2017,Bilecik,221693,116528,105165
2017,Bingöl,273354,139182,134172
2017,Bitlis,341474,176501,164973
2017,Bolu,303184,150383,152801
2017,Burdur,264779,133026,131753
2017,Bursa,2936803,1470341,1466462
2017,Çanakkale,530417,269160,261257
2017,Çankırı,186074,93427,92647
2017,Çorum,528422,261605,266817
2017,Denizli,1018735,507543,511192
2017,Diyarbakır,1699901,857070,842831
2017,Düzce,377610,188855,188755
2017,Edirne,406855,206342,200513
2017,Elazığ,583671,290692,292979
2017,Erzincan,231511,118591,112920
2017,Erzurum,760476,379227,381249
2017,Eskişehir,860620,429078,431542
2017,Gaziantep,2005515,1012992,992523
2017,Giresun,437393,217251,220142
2017,Gümüşhane,170173,86097,84076
2017,Hakkari,275761,148490,127271
2017,Hatay,1575226,790209,785017
2017,Iğdır,194775,100268,94507
2017,Isparta,433830,218617,215213
2017,İstanbul,15029231,7529491,7499740
2017,İzmir,4279677,2133548,2146129
2017,Kahramanmaraş,1127623,572111,555512
2017,Karabük,244453,122999,121454
2017,Karaman,246672,123370,123302
2017,Kars,287654,149481,138173
2017,Kastamonu,372373,184289,188084
2017,Kayseri,1376722,689595,687127
2017,Kırıkkale,278749,139602,139147
2017,Kırklareli,356050,181945,174105
2017,Kırşehir,234529,116969,117560
2017,Kilis,136319,69352,66967
2017,Kocaeli,1883270,953145,930125
2017,Konya,2180149,1081718,1098431
2017,Kütahya,572256,282661,289595
2017,Malatya,786676,391869,394807
2017,Manisa,1413041,710378,702663
2017,Mardin,809719,406320,403399
2017,Mersin,1793931,895374,898557
2017,Muğla,938751,478950,459801
2017,Muş,404544,205658,198886
2017,Nevşehir,292365,144219,148146
2017,Niğde,352727,176194,176533
2017,Ordu,742341,371061,371280
2017,Osmaniye,527724,266480,261244
2017,Rize,331041,164978,166063
2017,Sakarya,990214,496488,493726
2017,Samsun,1312990,649524,663466
2017,Siirt,324394,166402,157992
2017,Sinop,207427,103071,104356
2017,Sivas,621301,311120,310181
2017,Şanlıurfa,1985753,999299,986454
2017,Şırnak,503236,263831,239405
2017,Tekirdağ,1005463,516496,488967
2017,Tokat,602086,299519,302567
2017,Trabzon,786326,388713,397613
2017,Tunceli,82498,45781,36717
2017,Uşak,364971,181898,183073
2017,Van,1106891,563824,543067
2017,Yalova,251203,125569,125634
2017,Yozgat,418650,208841,209809
2017,Zonguldak,596892,294494,302398
2016,Adana,2201670,1101340,1100330
2016,Adıyaman,610484,307662,302822
2016,Afyonkarahisar,714523,354458,360065
2016,Ağrı,542255,281389,260866
2016,Aksaray,396673,197362,199311
2016,Amasya,326351,161555,164796
2016,Ankara,5346518,2653431,2693087
2016,Antalya,2328555,1174936,1153619
2016,Ardahan,98335,50884,47451
2016,Artvin,168068,84597,83471
2016,Aydın,1068260,533004,535256
2016,Balıkesir,1196176,596896,599280
2016,Bartın,192389,95131,97258
2016,Batman,576899,290479,286420
2016,Bayburt,90154,46182,43972
2016,Bilecik,218297,114189,104108
2016,Bingöl,269560,137588,131972
2016,Bitlis,341225,177088,164137
2016,Bolu,299896,148481,151415
2016,Burdur,261401,130082,131319
2016,Bursa,2901396,1454059,1447337
2016,Çanakkale,519793,262288,257505
2016,Çankırı,183880,91874,92006
2016,Çorum,527863,261606,266257
2016,Denizli,1005687,500398,505289
2016,Diyarbakır,1673119,844011,829108
2016,Düzce,370371,185775,184596
2016,Edirne,401701,203738,197963
2016,Elazığ,578789,287991,290798
2016,Erzincan,226032,114075,111957
2016,Erzurum,762021,381138,380883
2016,Eskişehir,844842,421580,423262
2016,Gaziantep,1974244,998926,975318
2016,Giresun,444467,220414,224053
2016,Gümüşhane,172034,87564,84470
2016,Hakkari,267813,142486,125327
2016,Hatay,1555165,780854,774311
2016,Iğdır,192785,99057,93728
2016,Isparta,427324,212720,214604
2016,İstanbul,14804116,7424390,7379726
2016,İzmir,4223545,2104632,2118913
2016,Kahramanmaraş,1112634,565816,546818
2016,Karabük,242347,122106,120241
2016,Karaman,245610,122153,123457
2016,Kars,289786,150515,139271
2016,Kastamonu,376945,188039,188906
2016,Kayseri,1358980,681269,677711
2016,Kırıkkale,277984,140085,137899
2016,Kırklareli,351684,179122,172562
2016,Kırşehir,229975,114815,115160
2016,Kilis,130825,65824,65001
2016,Kocaeli,1830772,927157,903615
2016,Konya,2161303,1073631,1087672
2016,Kütahya,573642,283955,289687
2016,Malatya,781305,389572,391733
2016,Manisa,1396945,701094,695851
2016,Mardin,796237,400475,395762
2016,Mersin,1773852,885583,888269
2016,Muğla,923773,470404,453369
2016,Muş,406501,207190,199311
2016,Nevşehir,290895,143698,147197
2016,Niğde,351468,175571,175897
2016,Ordu,750588,376243,374345
2016,Osmaniye,522175,264257,257918
2016,Rize,331048,164727,166321
2016,Sakarya,976948,490935,486013
2016,Samsun,1295927,640699,655228
2016,Siirt,322664,166463,156201
2016,Sinop,205478,101909,103569
2016,Sivas,621224,309364,311860
2016,Şanlıurfa,1940627,976938,963689
2016,Şırnak,483788,251392,232396
2016,Tekirdağ,972875,499819,473056
2016,Tokat,602662,299262,303400
2016,Trabzon,779379,385009,394370
2016,Tunceli,82193,45160,37033
2016,Uşak,358736,179259,179477
2016,Van,1100190,561592,538598
2016,Yalova,241665,120605,121060
2016,Yozgat,421041,210600,210441
2016,Zonguldak,597524,295033,302491
2015,Adana,2183167,1091159,1092008
2015,Adıyaman,602774,303163,299611
2015,Afyonkarahisar,709015,351993,357022
2015,Ağrı,547210,284243,262967
2015,Aksaray,386514,192688,193826
2015,Amasya,322167,159325,162842
2015,Ankara,5270575,2621235,2649340
2015,Antalya,2288456,1156076,1132380
2015,Ardahan,99265,51141,48124
2015,Artvin,168370,84679,83691
2015,Aydın,1053506,525267,528239
2015,Balıkesir,1186688,592718,593970
2015,Bartın,190708,94138,96570
2015,Batman,566633,284866,281767
2015,Bayburt,78550,39935,38615
2015,Bilecik,212361,109794,102567
2015,Bingöl,267184,136601,130583
2015,Bitlis,340449,176929,163520
2015,Bolu,291095,144501,146594
2015,Burdur,258339,128049,130290
2015,Bursa,2842547,1423583,1418964
2015,Çanakkale,513341,259721,253620
2015,Çankırı,180945,90340,90605
2015,Çorum,525180,259993,265187
2015,Denizli,993442,494808,498634
2015,Diyarbakır,1654196,834354,819842
2015,Düzce,360388,181197,179191
2015,Edirne,402537,203349,199188
2015,Elazığ,574304,285511,288793
2015,Erzincan,222918,113158,109760
2015,Erzurum,762321,382163,380158
2015,Eskişehir,826716,412205,414511
2015,Gaziantep,1931836,976126,955710
2015,Giresun,426686,210967,215719
2015,Gümüşhane,151449,76770,74679
2015,Hakkari,278775,151013,127762
2015,Hatay,1533507,769131,764376
2015,Iğdır,192435,99099,93336
2015,Isparta,421766,210152,211614
2015,İstanbul,14657434,7360499,7296935
2015,İzmir,4168415,2078224,2090191
2015,Kahramanmaraş,1096610,556607,540003
2015,Karabük,236978,119332,117646
2015,Karaman,242196,120940,121256
2015,Kars,292660,152040,140620
2015,Kastamonu,372633,184585,188048
2015,Kayseri,1341056,672828,668228
2015,Kırıkkale,270271,135024,135247
2015,Kırklareli,346973,177352,169621
2015,Kırşehir,225562,112121,113441
2015,Kilis,130655,65407,65248
2015,Kocaeli,1780055,901860,878195
2015,Konya,2130544,1056540,1074004
2015,Kütahya,571463,282816,288647
2015,Malatya,772904,385440,387464
2015,Manisa,1380366,691955,688411
2015,Mardin,796591,400478,396113
2015,Mersin,1745221,869989,875232
2015,Muğla,908877,463411,445466
2015,Muş,408728,208329,200399
2015,Nevşehir,286767,141942,144825
2015,Niğde,346114,172643,173471
2015,Ordu,728949,364236,364713
2015,Osmaniye,512873,258959,253914
2015,Rize,328979,163379,165600
2015,Sakarya,953181,477879,475302
2015,Samsun,1279884,632014,647870
2015,Siirt,320351,165034,155317
2015,Sinop,204133,101139,102994
2015,Sivas,618617,307439,311178
2015,Şanlıurfa,1892320,950493,941827
2015,Şırnak,490184,256529,233655
2015,Tekirdağ,937910,482404,455506
2015,Tokat,593990,294381,299609
2015,Trabzon,768417,379708,388709
2015,Tunceli,86076,48129,37947
2015,Uşak,353048,176281,176767
2015,Van,1096397,560480,535917
2015,Yalova,233009,116150,116859
2015,Yozgat,419440,209376,210064
2015,Zonguldak,595907,294679,301228
2014,Adana,2165595,1082497,1083098
2014,Adıyaman,597835,299846,297989
2014,Afyonkarahisar,706371,350370,356001
2014,Ağrı,549435,285449,263986
2014,Aksaray,384252,191091,193161
2014,Amasya,321913,159591,162322
2014,Ankara,5150072,2562805,2587267
2014,Antalya,2222562,1122997,1099565
2014,Ardahan,100809,51939,48870
2014,Artvin,169674,85365,84309
2014,Aydın,1041979,519900,522079
2014,Balıkesir,1189057,593529,595528
2014,Bartın,189405,93206,96199
2014,Batman,557593,280002,277591
2014,Bayburt,80607,41278,39329
2014,Bilecik,209925,108680,101245
2014,Bingöl,266019,135529,130490
2014,Bitlis,338023,174501,163522
2014,Bolu,284789,140405,144384
2014,Burdur,256898,127158,129740
2014,Bursa,2787539,1394715,1392824
2014,Çanakkale,511790,259655,252135
2014,Çankırı,183550,91800,91750
2014,Çorum,527220,261187,266033
2014,Denizli,978700,487958,490742
2014,Diyarbakır,1635048,824133,810915
2014,Düzce,355549,178342,177207
2014,Edirne,400280,203001,197279
2014,Elazığ,568753,281583,287170
2014,Erzincan,223633,112845,110788
2014,Erzurum,763320,384356,378964
2014,Eskişehir,812320,405253,407067
2014,Gaziantep,1889466,953760,935706
2014,Giresun,429984,212489,217495
2014,Gümüşhane,146353,74173,72180
2014,Hakkari,276287,148538,127749
2014,Hatay,1519836,763832,756004
2014,Iğdır,192056,98908,93148
2014,Isparta,418780,208837,209943
2014,İstanbul,14377018,7221158,7155860
2014,İzmir,4113072,2050424,2062648
2014,Kahramanmaraş,1089038,553493,535545
2014,Karabük,231333,117450,113883
2014,Karaman,240362,120067,120295
2014,Kars,296466,153676,142790
2014,Kastamonu,368907,183564,185343
2014,Kayseri,1322376,663249,659127
2014,Kırıkkale,271092,135797,135295
2014,Kırklareli,343723,176053,167670
2014,Kırşehir,222707,110948,111759
2014,Kilis,128781,64642,64139
2014,Kocaeli,1722795,872403,850392
2014,Konya,2108808,1046182,1062626
2014,Kütahya,571554,282810,288744
2014,Malatya,769544,383933,385611
2014,Manisa,1367905,686379,681526
2014,Mardin,788996,395968,393028
2014,Mersin,1727255,860306,866949
2014,Muğla,894509,454642,439867
2014,Muş,411216,209668,201548
2014,Nevşehir,286250,142418,143832
2014,Niğde,343898,171934,171964
2014,Ordu,724268,361627,362641
2014,Osmaniye,506807,255935,250872
2014,Rize,329779,163003,166776
2014,Sakarya,932706,467167,465539
2014,Samsun,1269989,627296,642693
2014,Siirt,318366,164098,154268
2014,Sinop,204526,101304,103222
2014,Sivas,623116,309864,313252
2014,Şanlıurfa,1845667,925703,919964
2014,Şırnak,488966,255228,233738
2014,Tekirdağ,906732,466956,439776
2014,Tokat,597920,296867,301053
2014,Trabzon,766782,378509,388273
2014,Tunceli,86527,47973,38554
2014,Uşak,349459,174231,175228
2014,Van,1085542,554791,530751
2014,Yalova,226514,113053,113461
2014,Yozgat,432560,216152,216408
2014,Zonguldak,598796,295878,302918
2013,Adana,2149260,1074778,1074482
2013,Adıyaman,597184,299963,297221
2013,Afyonkarahisar,707123,351007,356116
2013,Ağrı,551177,286161,265016
2013,Aksaray,382806,190540,192266
2013,Amasya,321977,159596,162381
2013,Ankara,5045083,2507525,2537558
2013,Antalya,2158265,1090843,1067422
2013,Ardahan,102782,52937,49845
2013,Artvin,169334,85160,84174
2013,Aydın,1020957,510512,510445
2013,Balıkesir,1162761,581403,581358
2013,Bartın,189139,93422,95717
2013,Batman,547581,275136,272445
2013,Bayburt,75620,38678,36942
2013,Bilecik,208888,108793,100095
2013,Bingöl,265514,135739,129775
2013,Bitlis,337156,174253,162903
2013,Bolu,283496,140572,142924
2013,Burdur,257267,127139,130128
2013,Bursa,2740970,1371914,1369056
2013,Çanakkale,502328,254800,247528
2013,Çankırı,190909,95548,95361
2013,Çorum,532080,263906,268174
2013,Denizli,963464,480224,483240
2013,Diyarbakır,1607437,809791,797646
2013,Düzce,351509,176071,175438
2013,Edirne,398582,201567,197015
2013,Elazığ,568239,282049,286190
2013,Erzincan,219996,111568,108428
2013,Erzurum,766729,384015,382714
2013,Eskişehir,799724,399189,400535
2013,Gaziantep,1844438,930972,913466
2013,Giresun,425007,209961,215046
2013,Gümüşhane,141412,71653,69759
2013,Hakkari,273041,146155,126886
2013,Hatay,1503066,756248,746818
2013,Iğdır,190424,98008,92416
2013,Isparta,417774,208146,209628
2013,İstanbul,14160467,7115721,7044746
2013,İzmir,4061074,2027334,2033740
2013,Kahramanmaraş,1075706,546943,528763
2013,Karabük,230251,117075,113176
2013,Karaman,237939,118380,119559
2013,Kars,300874,155625,145249
2013,Kastamonu,368093,183188,184905
2013,Kayseri,1295355,649851,645504
2013,Kırıkkale,274658,137639,137019
2013,Kırklareli,340559,173916,166643
2013,Kırşehir,223498,111435,112063
2013,Kilis,128586,64346,64240
2013,Kocaeli,1676202,849465,826737
2013,Konya,2079225,1031563,1047662
2013,Kütahya,572059,283574,288485
2013,Malatya,762538,380704,381834
2013,Manisa,1359463,682097,677366
2013,Mardin,779738,391422,388316
2013,Mersin,1705774,849548,856226
2013,Muğla,866665,441531,425134
2013,Muş,412553,210513,202040
2013,Nevşehir,285460,141239,144221
2013,Niğde,343658,171750,171908
2013,Ordu,731452,366011,365441
2013,Osmaniye,498981,251314,247667
2013,Rize,328205,162918,165287
2013,Sakarya,917373,458987,458386
2013,Samsun,1261810,623435,638375
2013,Siirt,314153,161802,152351
2013,Sinop,204568,101270,103298
2013,Sivas,623824,311798,312026
2013,Şanlıurfa,1801980,901868,900112
2013,Şırnak,475255,246547,228708
2013,Tekirdağ,874475,450149,424326
2013,Tokat,598708,297166,301542
2013,Trabzon,758237,374562,383675
2013,Tunceli,85428,47639,37789
2013,Uşak,346508,172573,173935
2013,Van,1070113,545479,524634
2013,Yalova,220122,110142,109980
2013,Yozgat,444211,221989,222222
2013,Zonguldak,601567,296910,304657
2012,Adana,2125635,1061264,1064371
2012,Adıyaman,595261,298737,296524
2012,Afyonkarahisar,703948,348548,355400
2012,Ağrı,552404,287490,264914
2012,Aksaray,379915,188945,190970
2012,Amasya,322283,159386,162897
2012,Ankara,4965542,2474456,2491086
2012,Antalya,2092537,1058070,1034467
2012,Ardahan,106643,55824,50819
2012,Artvin,167082,84060,83022
2012,Aydın,1006541,502337,504204
2012,Balıkesir,1160731,581171,579560
2012,Bartın,188436,92922,95514
2012,Batman,534205,268941,265264
2012,Bayburt,75797,39438,36359
2012,Bilecik,204116,105389,98727
2012,Bingöl,262507,134570,127937
2012,Bitlis,337253,175365,161888
2012,Bolu,281080,139805,141275
2012,Burdur,254341,125343,128998
2012,Bursa,2688171,1343894,1344277
2012,Çanakkale,493691,250633,243058
2012,Çankırı,184406,92394,92012
2012,Çorum,529975,262155,267820
2012,Denizli,950557,473041,477516
2012,Diyarbakır,1592167,804952,787215
2012,Düzce,346493,173226,173267
2012,Edirne,399708,203656,196052
2012,Elazığ,562703,279599,283104
2012,Erzincan,217886,110569,107317
2012,Erzurum,778195,391290,386905
2012,Eskişehir,789750,393760,395990
2012,Gaziantep,1799558,907172,892386
2012,Giresun,419555,207160,212395
2012,Gümüşhane,135216,68466,66750
2012,Hakkari,279982,154526,125456
2012,Hatay,1483674,743385,740289
2012,Iğdır,190409,98537,91872
2012,Isparta,416663,207658,209005
2012,İstanbul,13854740,6956908,6897832
2012,İzmir,4005459,1999246,2006213
2012,Kahramanmaraş,1063174,539998,523176
2012,Karabük,225145,113852,111293
2012,Karaman,235424,116848,118576
2012,Kars,304821,158403,146418
2012,Kastamonu,359808,177647,182161
2012,Kayseri,1274968,640095,634873
2012,Kırıkkale,274727,137324,137403
2012,Kırklareli,341218,175515,165703
2012,Kırşehir,221209,110008,111201
2012,Kilis,124320,62293,62027
2012,Kocaeli,1634691,828071,806620
2012,Konya,2052281,1014292,1037989
2012,Kütahya,573421,284909,288512
2012,Malatya,762366,381025,381341
2012,Manisa,1346162,673700,672462
2012,Mardin,773026,388736,384290
2012,Mersin,1682848,838102,844746
2012,Muğla,851145,434539,416606
2012,Muş,413260,211516,201744
2012,Nevşehir,285190,140952,144238
2012,Niğde,340270,170075,170195
2012,Ordu,741371,370631,370740
2012,Osmaniye,492135,247957,244178
2012,Rize,324152,160351,163801
2012,Sakarya,902267,451295,450972
2012,Samsun,1251722,617095,634627
2012,Siirt,310879,160813,150066
2012,Sinop,201311,99540,101771
2012,Sivas,623535,311893,311642
2012,Şanlıurfa,1762075,881521,880554
2012,Şırnak,466982,244221,222761
2012,Tekirdağ,852321,439124,413197
2012,Tokat,613990,304742,309248
2012,Trabzon,757898,374677,383221
2012,Tunceli,86276,49998,36278
2012,Uşak,342269,169997,172272
2012,Van,1051975,538121,513854
2012,Yalova,211799,105963,105836
2012,Yozgat,453211,226740,226471
2012,Zonguldak,606527,299301,307226
2011,Adana,2108805,1052873,1055932
2011,Adıyaman,593931,298204,295727
2011,Afyonkarahisar,698626,347311,351315
2011,Ağrı,555479,291340,264139
2011,Aksaray,378823,187892,190931
2011,Amasya,323079,160112,162967
2011,Ankara,4890893,2439058,2451835
2011,Antalya,2043482,1034655,1008827
2011,Ardahan,107455,56467,50988
2011,Artvin,166394,83732,82662
2011,Aydın,999163,499194,499969
2011,Balıkesir,1154314,577658,576656
2011,Bartın,187291,91841,95450
2011,Batman,524499,263901,260598
2011,Bayburt,76724,40292,36432
2011,Bilecik,203849,106691,97158
2011,Bingöl,262263,134647,127616
2011,Bitlis,336624,175257,161367
2011,Bolu,276506,137385,139121
2011,Burdur,250527,123978,126549
2011,Bursa,2652126,1325715,1326411
2011,Çanakkale,486445,249088,237357
2011,Çankırı,177211,88472,88739
2011,Çorum,534578,265163,269415
2011,Denizli,942278,470027,472251
2011,Diyarbakır,1570943,795894,775049
2011,Düzce,342146,170306,171840
2011,Edirne,399316,204389,194927
2011,Elazığ,558556,277151,281405
2011,Erzincan,215277,109583,105694
2011,Erzurum,780847,393081,387766
2011,Eskişehir,781247,388880,392367
2011,Gaziantep,1753596,883086,870510
2011,Giresun,419498,207579,211919
2011,Gümüşhane,132374,67023,65351
2011,Hakkari,272165,147567,124598
2011,Hatay,1474223,741695,732528
2011,Iğdır,188857,97770,91087
2011,Isparta,411245,205423,205822
2011,İstanbul,13624240,6845981,6778259
2011,İzmir,3965232,1979088,1986144
2011,Kahramanmaraş,1054210,534845,519365
2011,Karabük,219728,110575,109153
2011,Karaman,234005,116562,117443
2011,Kars,305755,159179,146576
2011,Kastamonu,359759,177666,182093
2011,Kayseri,1255349,631165,624184
2011,Kırıkkale,274992,137666,137326
2011,Kırklareli,340199,175678,164521
2011,Kırşehir,221015,109796,111219
2011,Kilis,124452,62107,62345
2011,Kocaeli,1601720,812302,789418
2011,Konya,2038555,1009855,1028700
2011,Kütahya,564264,279162,285102
2011,Malatya,757930,379563,378367
2011,Manisa,1340074,671361,668713
2011,Mardin,764033,384735,379298
2011,Mersin,1667939,831244,836695
2011,Muğla,838324,428114,410210
2011,Muş,414706,212717,201989
2011,Nevşehir,283247,139955,143292
2011,Niğde,337553,168125,169428
2011,Ordu,714390,356675,357715
2011,Osmaniye,485357,244239,241118
2011,Rize,323012,159304,163708
2011,Sakarya,888556,445863,442693
2011,Samsun,1251729,617701,634028
2011,Siirt,310468,161252,149216
2011,Sinop,203027,100595,102432
2011,Sivas,627056,314206,312850
2011,Şanlıurfa,1716254,858409,857845
2011,Şırnak,457997,240487,217510
2011,Tekirdağ,829873,427452,402421
2011,Tokat,608299,302449,305850
2011,Trabzon,757353,374426,382927
2011,Tunceli,85062,49016,36046
2011,Uşak,339731,169343,170388
2011,Van,1022532,525144,497388
2011,Yalova,206535,102935,103600
2011,Yozgat,465696,233267,232429
2011,Zonguldak,612406,302370,310036
2010,Adana,2085225,1038575,1046650
2010,Adıyaman,590935,294920,296015
2010,Afyonkarahisar,697559,344822,352737
2010,Ağrı,542022,280518,261504
2010,Aksaray,377505,186956,190549
2010,Amasya,334786,171382,163404
2010,Ankara,4771716,2379226,2392490
2010,Antalya,1978333,1001908,976425
2010,Ardahan,105454,54023,51431
2010,Artvin,164759,82321,82438
2010,Aydın,989862,495363,494499
2010,Balıkesir,1152323,578663,573660
2010,Bartın,187758,91953,95805
2010,Batman,510200,255502,254698
2010,Bayburt,74412,37879,36533
2010,Bilecik,225381,128562,96819
2010,Bingöl,255170,128731,126439
2010,Bitlis,328767,168249,160518
2010,Bolu,271208,133958,137250
2010,Burdur,258868,132337,126531
2010,Bursa,2605495,1300283,1305212
2010,Çanakkale,490397,254579,235818
2010,Çankırı,179067,89281,89786
2010,Çorum,535405,264759,270646
2010,Denizli,931823,464104,467719
2010,Diyarbakır,1528958,767503,761455
2010,Düzce,338188,168075,170113
2010,Edirne,390428,196262,194166
2010,Elazığ,552646,272500,280146
2010,Erzincan,224949,118876,106073
2010,Erzurum,769085,384630,384455
2010,Eskişehir,764584,378275,386309
2010,Gaziantep,1700763,855384,845379
2010,Giresun,419256,206730,212526
2010,Gümüşhane,129618,65031,64587
2010,Hakkari,251302,128988,122314
2010,Hatay,1480571,756196,724375
2010,Iğdır,184418,94443,89975
2010,Isparta,448298,242472,205826
2010,İstanbul,13255685,6655094,6600591
2010,İzmir,3948848,1985368,1963480
2010,Kahramanmaraş,1044816,528711,516105
2010,Karabük,227610,118200,109410
2010,Karaman,232633,115432,117201
2010,Kars,301766,154817,146949
2010,Kastamonu,361222,178875,182347
2010,Kayseri,1234651,621667,612984
2010,Kırıkkale,276647,137792,138855
2010,Kırklareli,332791,168709,164082
2010,Kırşehir,221876,110020,111856
2010,Kilis,123135,60846,62289
2010,Kocaeli,1560138,788267,771871
2010,Konya,2013845,996157,1017688
2010,Kütahya,590496,305634,284862
2010,Malatya,740643,369049,371594
2010,Manisa,1379484,714064,665420
2010,Mardin,744606,371019,373587
2010,Mersin,1647899,819515,828384
2010,Muğla,817503,416029,401474
2010,Muş,406886,207115,199771
2010,Nevşehir,282337,139123,143214
2010,Niğde,337931,167551,170380
2010,Ordu,719183,358386,360797
2010,Osmaniye,479221,240295,238926
2010,Rize,319637,157161,162476
2010,Sakarya,872872,436494,436378
2010,Samsun,1252693,620015,632678
2010,Siirt,300695,153028,147667
2010,Sinop,202740,100147,102593
2010,Sivas,642224,328304,313920
2010,Şanlıurfa,1663371,831382,831989
2010,Şırnak,430109,219187,210922
2010,Tekirdağ,798109,406744,391365
2010,Tokat,617802,310193,307609
2010,Trabzon,763714,377059,386655
2010,Tunceli,76699,40658,36041
2010,Uşak,338019,168064,169955
2010,Van,1035418,525788,509630
2010,Yalova,203741,101662,102079
2010,Yozgat,476096,237792,238304
2010,Zonguldak,619703,307550,312153
2009,Adana,2062226,1029640,1032586
2009,Adıyaman,588475,294213,294262
2009,Afyonkarahisar,701326,348194,353132
2009,Ağrı,537665,280000,257665
2009,Aksaray,376907,187633,189274
2009,Amasya,324268,161646,162622
2009,Ankara,4650802,2318633,2332169
2009,Antalya,1919729,973554,946175
2009,Ardahan,108169,56093,52076
2009,Artvin,165580,83139,82441
2009,Aydın,979155,489857,489298
2009,Balıkesir,1140085,570664,569421
2009,Bartın,188449,92808,95641
2009,Batman,497998,250612,247386
2009,Bayburt,74710,38130,36580
2009,Bilecik,202061,105929,96132
2009,Bingöl,255745,130375,125370
2009,Bitlis,328489,169492,158997
2009,Bolu,271545,135227,136318
2009,Burdur,251550,125825,125725
2009,Bursa,2550645,1273491,1277154
2009,Çanakkale,477735,243643,234092
2009,Çankırı,185019,92714,92305
2009,Çorum,540704,268501,272203
2009,Denizli,926362,462914,463448
2009,Diyarbakır,1515011,767926,747085
2009,Düzce,335156,167696,167460
2009,Edirne,395463,201450,194013
2009,Elazığ,550667,273212,277455
2009,Erzincan,213288,108920,104368
2009,Erzurum,774207,389761,384446
2009,Eskişehir,755427,374990,380437
2009,Gaziantep,1653670,831911,821759
2009,Giresun,421860,209355,212505
2009,Gümüşhane,130976,65874,65102
2009,Hakkari,256761,135884,120877
2009,Hatay,1448418,733163,715255
2009,Iğdır,183486,94611,88875
2009,Isparta,420796,214788,206008
2009,İstanbul,12915158,6498997,6416161
2009,İzmir,3868308,1933681,1934627
2009,Kahramanmaraş,1037491,526401,511090
2009,Karabük,218564,109389,109175
2009,Karaman,231872,115069,116803
2009,Kars,306536,159411,147125
2009,Kastamonu,359823,177152,182671
2009,Kayseri,1205872,607022,598850
2009,Kırıkkale,280834,140172,140662
2009,Kırklareli,333179,170136,163043
2009,Kırşehir,223102,110423,112679
2009,Kilis,122104,60538,61566
2009,Kocaeli,1522408,771502,750906
2009,Konya,1992675,985438,1007237
2009,Kütahya,571804,285911,285893
2009,Malatya,736884,368235,368649
2009,Manisa,1331957,669724,662233
2009,Mardin,737852,370911,366941
2009,Mersin,1640888,823453,817435
2009,Muğla,802381,410089,392292
2009,Muş,404484,207251,197233
2009,Nevşehir,284025,140348,143677
2009,Niğde,339921,169704,170217
2009,Ordu,723507,361422,362085
2009,Osmaniye,471804,236751,235053
2009,Rize,319569,157753,161816
2009,Sakarya,861570,431261,430309
2009,Samsun,1250076,618849,631227
2009,Siirt,303622,157578,146044
2009,Sinop,201134,99259,101875
2009,Sivas,633347,318905,314442
2009,Şanlıurfa,1613737,809222,804515
2009,Şırnak,430424,225115,205309
2009,Tekirdağ,783310,402789,380521
2009,Tokat,624439,311837,312602
2009,Trabzon,765127,378602,386525
2009,Tunceli,83061,47290,35771
2009,Uşak,335860,166944,168916
2009,Van,1022310,523864,498446
2009,Yalova,202531,101357,101174
2009,Yozgat,487365,244172,243193
2009,Zonguldak,619812,306075,313737
2008,Adana,2026319,1009001,1017318
2008,Adıyaman,585067,291660,293407
2008,Afyonkarahisar,697365,345899,351466
2008,Ağrı,532180,276508,255672
2008,Aksaray,370598,183953,186645
2008,Amasya,323675,161380,162295
2008,Ankara,4548939,2267779,2281160
2008,Antalya,1859275,942262,917013
2008,Ardahan,112242,58673,53569
2008,Artvin,166584,83486,83098
2008,Aydın,965500,482434,483066
2008,Balıkesir,1130276,564175,566101
2008,Bartın,185368,90419,94949
2008,Batman,485616,244981,240635
2008,Bayburt,75675,38743,36932
2008,Bilecik,193169,97631,95538
2008,Bingöl,256091,130979,125112
2008,Bitlis,326897,168495,158402
2008,Bolu,268882,134056,134826
2008,Burdur,247437,121980,125457
2008,Bursa,2507963,1253151,1254812
2008,Çanakkale,474791,242471,232320
2008,Çankırı,176093,87914,88179
2008,Çorum,545444,270107,275337
2008,Denizli,917836,458787,459049
2008,Diyarbakır,1492828,757497,735331
2008,Düzce,328611,163656,164955
2008,Edirne,394644,202714,191930
2008,Elazığ,547562,271330,276232
2008,Erzincan,210645,107415,103230
2008,Erzurum,774967,391588,383379
2008,Eskişehir,741739,368486,373253
2008,Gaziantep,1612223,810768,801455
2008,Giresun,421766,209058,212708
2008,Gümüşhane,131367,65749,65618
2008,Hakkari,258590,138494,120096
2008,Hatay,1413287,708579,704708
2008,Iğdır,184025,95195,88830
2008,Isparta,407463,204080,203383
2008,İstanbul,12697164,6386772,6310392
2008,İzmir,3795978,1897792,1898186
2008,Kahramanmaraş,1029298,521728,507570
2008,Karabük,216248,106808,109440
2008,Karaman,230145,114230,115915
2008,Kars,312128,163678,148450
2008,Kastamonu,360424,176832,183592
2008,Kayseri,1184386,595275,589111
2008,Kırıkkale,279325,139909,139416
2008,Kırklareli,336942,174083,162859
2008,Kırşehir,222735,110338,112397
2008,Kilis,120991,59787,61204
2008,Kocaeli,1490358,756092,734266
2008,Konya,1969868,974700,995168
2008,Kütahya,565884,280370,285514
2008,Malatya,733789,366759,367030
2008,Manisa,1316750,656051,660699
2008,Mardin,750697,378451,372246
2008,Mersin,1602908,796911,805997
2008,Muğla,791424,405079,386345
2008,Muş,404309,207270,197039
2008,Nevşehir,281699,139025,142674
2008,Niğde,338447,169377,169070
2008,Ordu,719278,358910,360368
2008,Osmaniye,464704,232118,232586
2008,Rize,319410,157650,161760
2008,Sakarya,851292,426366,424926
2008,Samsun,1233677,607501,626176
2008,Siirt,299819,155747,144072
2008,Sinop,200791,98961,101830
2008,Sivas,631112,316848,314264
2008,Şanlıurfa,1574224,788278,785946
2008,Şırnak,429287,226261,203026
2008,Tekirdağ,770772,398898,371874
2008,Tokat,617158,306757,310401
2008,Trabzon,748982,370217,378765
2008,Tunceli,86449,49709,36740
2008,Uşak,334111,165506,168605
2008,Van,1004369,516525,487844
2008,Yalova,197412,99037,98375
2008,Yozgat,484206,242018,242188
2008,Zonguldak,619151,304997,314154
2007,Adana,2006650,994864,1011786
2007,Adıyaman,582762,288615,294147
2007,Afyonkarahisar,701572,348589,352983
2007,Ağrı,530879,275243,255636
2007,Aksaray,366109,180007,186102
2007,Amasya,328674,165957,162717
2007,Ankara,4466756,2225033,2241723
2007,Antalya,1789295,908000,881295
2007,Ardahan,112721,58095,54626
2007,Artvin,168092,84025,84067
2007,Aydın,946971,473481,473490
2007,Balıkesir,1118313,559546,558767
2007,Bartın,182131,88784,93347
2007,Batman,472487,236314,236173
2007,Bayburt,76609,38952,37657
2007,Bilecik,203777,108299,95478
2007,Bingöl,251552,128144,123408
2007,Bitlis,327886,168668,159218
2007,Bolu,270417,134502,135915
2007,Burdur,251181,126094,125087
2007,Bursa,2439876,1218749,1221127
2007,Çanakkale,476128,244613,231515
2007,Çankırı,174012,86692,87320
2007,Çorum,549828,271942,277886
2007,Denizli,907325,453756,453569
2007,Diyarbakır,1460714,735561,725153
2007,Düzce,323328,160823,162505
2007,Edirne,396462,203569,192893
2007,Elazığ,541258,266284,274974
2007,Erzincan,213538,110282,103256
2007,Erzurum,784941,393589,391352
2007,Eskişehir,724849,359393,365456
2007,Gaziantep,1560023,779863,780160
2007,Giresun,417505,206447,211058
2007,Gümüşhane,130825,65261,65564
2007,Hakkari,246469,128904,117565
2007,Hatay,1386224,696050,690174
2007,Iğdır,181866,92732,89134
2007,Isparta,419845,218146,201699
2007,İstanbul,12573836,6291763,6282073
2007,İzmir,3739353,1872579,1866774
2007,Kahramanmaraş,1004414,506711,497703
2007,Karabük,218463,109429,109034
2007,Karaman,226049,111771,114278
2007,Kars,312205,161787,150418
2007,Kastamonu,360366,176954,183412
2007,Kayseri,1165088,584656,580432
2007,Kırıkkale,280234,139923,140311
2007,Kırklareli,333256,171204,162052
2007,Kırşehir,223170,110301,112869
2007,Kilis,118457,58489,59968
2007,Kocaeli,1437926,728590,709336
2007,Konya,1959082,968666,990416
2007,Kütahya,583910,296167,287743
2007,Malatya,722065,357998,364067
2007,Manisa,1319920,667061,652859
2007,Mardin,745778,373067,372711
2007,Mersin,1595938,801112,794826
2007,Muğla,766156,392403,373753
2007,Muş,405509,206589,198920
2007,Nevşehir,280058,138092,141966
2007,Niğde,331677,164745,166932
2007,Ordu,715409,356553,358856
2007,Osmaniye,452880,225717,227163
2007,Rize,316252,155580,160672
2007,Sakarya,835222,416508,418714
2007,Samsun,1228959,606187,622772
2007,Siirt,291528,150628,140900
2007,Sinop,198412,97032,101380
2007,Sivas,638464,320557,317907
2007,Şanlıurfa,1523099,756655,766444
2007,Şırnak,416001,217068,198933
2007,Tekirdağ,728396,375703,352693
2007,Tokat,620722,309374,311348
2007,Trabzon,740569,364103,376466
2007,Tunceli,84022,47893,36129
2007,Uşak,334115,165235,168880
2007,Van,979671,500068,479603
2007,Yalova,181758,90246,91512
2007,Yozgat,492127,244674,247453
2007,Zonguldak,615890,302827,313063
2000,Adana,1849478,920001,929477
2000,Adıyaman,623811,313362,310449
2000,Afyonkarahisar,812416,409311,403105
2000,Ağrı,528744,273895,254849
2000,Aksaray,396084,195822,200262
2000,Amasya,365231,185594,179637
2000,Ankara,4007860,2027105,1980755
2000,Antalya,1719751,885826,833925
2000,Ardahan,133756,69833,63923
2000,Artvin,191934,96599,95335
2000,Aydın,950757,475817,474940
2000,Balıkesir,1076347,542681,533666
2000,Bartın,184178,87211,96967
2000,Batman,456734,230711,226023
2000,Bayburt,97358,49035,48323
2000,Bilecik,194326,101919,92407
2000,Bingöl,253739,131440,122299
2000,Bitlis,388678,205820,182858
2000,Bolu,270654,137153,133501
2000,Burdur,256803,129007,127796
2000,Bursa,2125140,1064560,1060580
2000,Çanakkale,464975,242539,222436
2000,Çankırı,270355,140353,130002
2000,Çorum,597065,289717,307348
2000,Denizli,850029,426179,423850
2000,Diyarbakır,1362708,692167,670541
2000,Düzce,314266,161927,152339
2000,Edirne,402606,213724,188882
2000,Elazığ,569616,287687,281929
2000,Erzincan,316841,169046,147795
2000,Erzurum,937389,482199,455190
2000,Eskişehir,706009,352264,353745
2000,Gaziantep,1285249,645847,639402
2000,Giresun,523819,263343,260476
2000,Gümüşhane,186953,94879,92074
2000,Hakkari,236581,130682,105899
2000,Hatay,1253726,621505,632221
2000,Iğdır,168634,87083,81551
2000,Isparta,513681,270782,242899
2000,İstanbul,10018735,5088535,4930200
2000,İzmir,3370866,1698819,1672047
2000,Kahramanmaraş,1002384,510662,491722
2000,Karabük,225102,111340,113762
2000,Karaman,243210,120957,122253
2000,Kars,325016,169027,155989
2000,Kastamonu,375476,181511,193965
2000,Kayseri,1060432,529584,530848
2000,Kırıkkale,383508,196430,187078
2000,Kırklareli,328461,172188,156273
2000,Kırşehir,253239,124739,128500
2000,Kilis,114724,57081,57643
2000,Kocaeli,1206085,625309,580776
2000,Konya,2192166,1105020,1087146
2000,Kütahya,656903,332259,324644
2000,Malatya,853658,434497,419161
2000,Manisa,1260169,630241,629928
2000,Mardin,705098,362167,342931
2000,Mersin,1651400,829742,821658
2000,Muğla,715328,376677,338651
2000,Muş,453654,236214,217440
2000,Nevşehir,309914,153088,156826
2000,Niğde,348081,172367,175714
2000,Ordu,887765,441447,446318
2000,Osmaniye,458782,231259,227523
2000,Rize,365938,181200,184738
2000,Sakarya,756168,384140,372028
2000,Samsun,1209137,585759,623378
2000,Siirt,263676,137687,125989
2000,Sinop,225574,109666,115908
2000,Sivas,755091,383254,371837
2000,Şanlıurfa,1443422,748929,694493
2000,Şırnak,353197,193534,159663
2000,Tekirdağ,623591,326399,297192
2000,Tokat,828027,418856,409171
2000,Trabzon,975137,486957,488180
2000,Tunceli,93584,54529,39055
2000,Uşak,322313,159804,162509
2000,Van,877524,448039,429485
2000,Yalova,168593,88750,79843
2000,Yozgat,682919,342771,340148
2000,Zonguldak,615599,300676,314923
1990,Adana,1934907,973878,961029
1990,Adıyaman,513131,256699,256432
1990,Afyonkarahisar,739223,368950,370273
1990,Ağrı,437093,221327,215766
1990,Aksaray,326399,156546,169853
1990,Amasya,357191,179895,177296
1990,Ankara,3236626,1658276,1578350
1990,Antalya,1132211,588656,543555
1990,Artvin,212833,104093,108740
1990,Aydın,824816,416304,408512
1990,Balıkesir,973314,496661,476653
1990,Batman,344669,176547,168122
1990,Bayburt,107330,52607,54723
1990,Bilecik,175526,90978,84548
1990,Bingöl,250966,124710,126256
1990,Bitlis,330115,170982,159133
1990,Bolu,536869,268870,267999
1990,Burdur,254899,129742,125157
1990,Bursa,1603137,810923,792214
1990,Çanakkale,432263,225099,207164
1990,Çankırı,279129,139025,140104
1990,Çorum,609863,294082,315781
1990,Denizli,750882,379129,371753
1990,Diyarbakır,1094996,559446,535550
1990,Edirne,404599,213966,190633
1990,Elazığ,498225,247321,250904
1990,Erzincan,299251,156387,142864
1990,Erzurum,848201,427701,420500
1990,Eskişehir,641057,321928,319129
1990,Gaziantep,1140594,577881,562713
1990,Giresun,499087,246597,252490
1990,Gümüşhane,169375,81621,87754
1990,Hakkari,172479,93913,78566
1990,Hatay,1109754,556548,553206
1990,Isparta,434771,224403,210368
1990,İstanbul,7309190,3798761,3510429
1990,İzmir,2694770,1379778,1314992
1990,Kahramanmaraş,892952,450243,442709
1990,Karaman,217536,106762,110774
1990,Kars,662155,334065,328090
1990,Kastamonu,423611,202583,221028
1990,Kayseri,943484,471874,471610
1990,Kırıkkale,349396,177789,171607
1990,Kırklareli,309512,166073,143439
1990,Kırşehir,256862,124639,132223
1990,Kocaeli,936163,486436,449727
1990,Konya,1750303,873886,876417
1990,Kütahya,578020,289866,288154
1990,Malatya,702055,354141,347914
1990,Manisa,1154418,583838,570580
1990,Mardin,557727,282459,275268
1990,Mersin,1266995,645244,621751
1990,Muğla,562809,294230,268579
1990,Muş,376543,192327,184216
1990,Nevşehir,289509,143812,145697
1990,Niğde,305861,148163,157698
1990,Ordu,830105,408709,421396
1990,Rize,348776,166481,182295
1990,Sakarya,683061,345201,337860
1990,Samsun,1158400,562066,596334
1990,Siirt,243435,124605,118830
1990,Sinop,265153,126205,138948
1990,Sivas,767481,383155,384326
1990,Şanlıurfa,1001455,515980,485475
1990,Şırnak,262006,139534,122472
1990,Tekirdağ,468842,250743,218099
1990,Tokat,719251,354316,364935
1990,Trabzon,795849,386642,409207
1990,Tunceli,133143,67462,65681
1990,Uşak,290283,144224,146059
1990,Van,637433,324624,312809
1990,Yozgat,579150,282399,296751
1990,Zonguldak,1073560,526041,547519
1985,Adana,1725940,875164,850776
1985,Adıyaman,430728,217195,213533
1985,Afyonkarahisar,666978,333328,333650
1985,Ağrı,421131,218488,202643
1985,Amasya,358289,181925,176364
1985,Ankara,3306327,1702805,1603522
1985,Antalya,891149,455345,435804
1985,Artvin,226338,110557,115781
1985,Aydın,743419,372382,371037
1985,Balıkesir,910282,463480,446802
1985,Bilecik,160909,83868,77041
1985,Bingöl,241548,120075,121473
1985,Bitlis,300843,156224,144619
1985,Bolu,504778,250806,253972
1985,Burdur,248002,125457,122545
1985,Bursa,1324015,669134,654881
1985,Çanakkale,417121,218895,198226
1985,Çankırı,263964,129903,134061
1985,Çorum,599204,290159,309045
1985,Denizli,667478,335364,332114
1985,Diyarbakır,934505,480703,453802
1985,Edirne,389638,209988,179650
1985,Elazığ,483715,242277,241438
1985,Erzincan,299985,154811,145174
1985,Erzurum,856175,435276,420899
1985,Eskişehir,597397,301562,295835
1985,Gaziantep,966490,490022,476468
1985,Giresun,502151,243372,258779
1985,Gümüşhane,283753,135693,148060
1985,Hakkari,182645,100715,81930
1985,Hatay,1002252,506296,495956
1985,Isparta,382844,198171,184673
1985,İstanbul,5842985,3041847,2801138
1985,İzmir,2317829,1198236,1119593
1985,Kahramanmaraş,840472,426554,413918
1985,Kars,722431,367269,355162
1985,Kastamonu,450353,216132,234221
1985,Kayseri,864060,430545,433515
1985,Kırklareli,297098,161561,135537
1985,Kırşehir,260156,125704,134452
1985,Kocaeli,742245,383691,358554
1985,Konya,1769050,878563,890487
1985,Kütahya,543384,273694,269690
1985,Malatya,665809,338191,327618
1985,Manisa,1050130,531281,518849
1985,Mardin,652069,332812,319257
1985,Mersin,1034085,527092,506993
1985,Muğla,486290,249156,237134
1985,Muş,339492,174542,164950
1985,Nevşehir,278129,136300,141829
1985,Niğde,560386,272207,288179
1985,Ordu,763857,367961,395896
1985,Rize,374206,181001,193205
1985,Sakarya,610500,307106,303394
1985,Samsun,1108710,541783,566927
1985,Siirt,524741,267488,257253
1985,Sinop,280140,133203,146937
1985,Sivas,772209,382806,389403
1985,Şanlıurfa,795034,410918,384116
1985,Tekirdağ,402721,218786,183935
1985,Tokat,679071,333590,345481
1985,Trabzon,786194,380147,406047
1985,Tunceli,151906,75288,76618
1985,Uşak,271261,134066,137195
1985,Van,547216,280658,266558
1985,Yozgat,545301,263093,282208
1985,Zonguldak,1044945,519264,525681
1980,Adana,1485743,750217,735526
1980,Adıyaman,367595,185049,182546
1980,Afyonkarahisar,597516,306426,291090
1980,Ağrı,368009,193313,174696
1980,Amasya,341287,172439,168848
1980,Ankara,2854689,1466584,1388105
1980,Antalya,748706,376863,371843
1980,Artvin,228997,112606,116391
1980,Aydın,652488,326599,325889
1980,Balıkesir,853177,433525,419652
1980,Bilecik,147001,74592,72409
1980,Bingöl,228702,117134,111568
1980,Bitlis,257908,135116,122792
1980,Bolu,471751,234368,237383
1980,Burdur,235009,117430,117579
1980,Bursa,1148492,579747,568745
1980,Çanakkale,391568,204583,186985
1980,Çankırı,258436,125798,132638
1980,Çorum,571831,279521,292310
1980,Denizli,603338,298426,304912
1980,Diyarbakır,778150,403603,374547
1980,Edirne,363286,195638,167648
1980,Elazığ,440808,221116,219692
1980,Erzincan,282022,143530,138492
1980,Erzurum,801809,411682,390127
1980,Eskişehir,543802,275608,268194
1980,Gaziantep,808697,409302,399395
1980,Giresun,480083,232002,248081
1980,Gümüşhane,275191,130198,144993
1980,Hakkari,155463,84056,71407
1980,Hatay,856271,437823,418448
1980,Isparta,350116,182383,167733
1980,İstanbul,4741890,2482247,2259643
1980,İzmir,1976763,1021989,954774
1980,Kahramanmaraş,738032,377607,360425
1980,Kars,700238,359274,340964
1980,Kastamonu,450946,216207,234739
1980,Kayseri,778383,389220,389163
1980,Kırklareli,283408,153245,130163
1980,Kırşehir,240497,114963,125534
1980,Kocaeli,596899,311837,285062
1980,Konya,1562139,776502,785637
1980,Kütahya,497089,251251,245838
1980,Malatya,606996,308860,298136
1980,Manisa,941941,475195,466746
1980,Mardin,564967,288385,276582
1980,Mersin,843931,429721,414210
1980,Muğla,438145,220966,217179
1980,Muş,302406,156610,145796
1980,Nevşehir,256933,124869,132064
1980,Niğde,512071,249631,262440
1980,Ordu,713535,350431,363104
1980,Rize,361258,173651,187607
1980,Sakarya,548747,276046,272701
1980,Samsun,1008113,495498,512615
1980,Siirt,445483,230253,215230
1980,Sinop,276242,133392,142850
1980,Sivas,750144,372771,377373
1980,Şanlıurfa,602736,311717,291019
1980,Tekirdağ,360742,193734,167008
1980,Tokat,624508,317422,307086
1980,Trabzon,731045,349503,381542
1980,Tunceli,157974,79227,78747
1980,Uşak,247224,120252,126972
1980,Van,468646,244802,223844
1980,Yozgat,504433,245702,258731
1980,Zonguldak,954512,475105,479407
1975,Adana,1240475,639034,601441
1975,Adıyaman,346892,178152,168740
1975,Afyonkarahisar,579171,291388,287783
1975,Ağrı,330201,176676,153525
1975,Amasya,322806,165473,157333
1975,Ankara,2585293,1359373,1225920
1975,Antalya,669357,342365,326992
1975,Artvin,228026,113829,114197
1975,Aydın,609869,309516,300353
1975,Balıkesir,789255,408133,381122
1975,Bilecik,137120,68686,68434
1975,Bingöl,210804,110954,99850
1975,Bitlis,218305,115955,102350
1975,Bolu,428704,215800,212904
1975,Burdur,222896,112161,110735
1975,Bursa,961639,490506,471133
1975,Çanakkale,369385,193590,175795
1975,Çankırı,265468,132240,133228
1975,Çorum,547580,274050,273530
1975,Denizli,560916,281186,279730
1975,Diyarbakır,651233,343797,307436
1975,Edirne,340732,182944,157788
1975,Elazığ,417924,216639,201285
1975,Erzincan,283683,144959,138724
1975,Erzurum,746666,389557,357109
1975,Eskişehir,495097,254173,240924
1975,Gaziantep,715939,369748,346191
1975,Giresun,463587,228967,234620
1975,Gümüşhane,293673,142353,151320
1975,Hakkari,126036,68264,57772
1975,Hatay,744113,390908,353205
1975,Isparta,322685,167062,155623
1975,İstanbul,3904588,2064250,1840338
1975,İzmir,1673966,868403,805563
1975,Kahramanmaraş,641480,330443,311037
1975,Kars,707398,369733,337665
1975,Kastamonu,438243,214148,224095
1975,Kayseri,676809,342613,334196
1975,Kırklareli,268399,149178,119221
1975,Kırşehir,232853,113990,118863
1975,Kocaeli,477736,254643,223093
1975,Konya,1422461,714286,708175
1975,Kütahya,470423,242340,228083
1975,Malatya,574558,294992,279566
1975,Manisa,872375,440674,431701
1975,Mardin,519687,269675,250012
1975,Mersin,714817,369269,345548
1975,Muğla,400796,201664,199132
1975,Muş,267203,138880,128323
1975,Nevşehir,249308,124927,124381
1975,Niğde,463121,230905,232216
1975,Ordu,664290,332018,332272
1975,Rize,336278,165016,171262
1975,Sakarya,495649,253371,242278
1975,Samsun,906381,454837,451544
1975,Siirt,381503,201023,180480
1975,Sinop,267605,129447,138158
1975,Sivas,741713,375507,366206
1975,Şanlıurfa,597277,312415,284862
1975,Tekirdağ,319987,170643,149344
1975,Tokat,599166,305071,294095
1975,Trabzon,719008,354636,364372
1975,Tunceli,164591,82759,81832
1975,Uşak,229679,116149,113530
1975,Van,386314,203229,183085
1975,Yozgat,500371,248490,251881
1975,Zonguldak,836156,426668,409488
1970,Adana,1035377,526796,508581
1970,Adıyaman,303511,152237,151274
1970,Afyonkarahisar,542111,265196,276915
1970,Ağrı,290311,152253,138058
1970,Amasya,307025,154843,152182
1970,Ankara,2041658,1067437,974221
1970,Antalya,577334,287376,289958
1970,Artvin,225869,110613,115256
1970,Aydın,564802,281589,283213
1970,Balıkesir,749669,382287,367382
1970,Bilecik,138856,69240,69616
1970,Bingöl,177951,91480,86471
1970,Bitlis,185473,98012,87461
1970,Bolu,403766,197954,205812
1970,Burdur,210335,104270,106065
1970,Bursa,847884,423941,423943
1970,Çanakkale,360764,188554,172210
1970,Çankırı,261367,125807,135560
1970,Çorum,518366,253746,264620
1970,Denizli,511160,250178,260982
1970,Diyarbakır,581208,302237,278971
1970,Edirne,316425,165161,151264
1970,Elazığ,376915,191283,185632
1970,Erzincan,276122,139643,136479
1970,Erzurum,684951,348024,336927
1970,Eskişehir,459367,231671,227696
1970,Gaziantep,606540,308154,298386
1970,Giresun,451679,215932,235747
1970,Gümüşhane,282238,133580,148658
1970,Hakkari,102312,54813,47499
1970,Hatay,591064,303068,287996
1970,Isparta,300029,151283,148746
1970,İstanbul,3019032,1624658,1394374
1970,İzmir,1427173,739429,687744
1970,Kahramanmaraş,528982,266819,262163
1970,Kars,660018,335249,324769
1970,Kastamonu,446601,214490,232111
1970,Kayseri,598693,293904,304789
1970,Kırklareli,257131,136509,120622
1970,Kırşehir,214932,103170,111762
1970,Kocaeli,385408,204040,181368
1970,Konya,1280239,632610,647629
1970,Kütahya,439967,224041,215926
1970,Malatya,510979,256777,254202
1970,Manisa,805650,405339,400311
1970,Mardin,453092,230638,222454
1970,Mersin,590943,300197,290746
1970,Muğla,368776,183738,185038
1970,Muş,234250,120494,113756
1970,Nevşehir,229830,109886,119944
1970,Niğde,408441,197665,210776
1970,Ordu,608721,298842,309879
1970,Rize,315700,150099,165601
1970,Sakarya,459052,228431,230621
1970,Samsun,821183,404163,417020
1970,Siirt,320684,166247,154437
1970,Sinop,265655,127999,137656
1970,Sivas,731921,358440,373481
1970,Şanlıurfa,538131,274765,263366
1970,Tekirdağ,302946,159917,143029
1970,Tokat,540855,269089,271766
1970,Trabzon,659120,312736,346384
1970,Tunceli,157293,78064,79229
1970,Uşak,207512,100593,106919
1970,Van,325763,171232,154531
1970,Yozgat,464410,226949,237461
1970,Zonguldak,743654,371109,372545
1965,Adana,902712,466032,436680
1965,Adıyaman,267288,136615,130673
1965,Afyonkarahisar,502248,250478,251770
1965,Ağrı,246961,130396,116565
1965,Amasya,285729,148016,137713
1965,Ankara,1644302,872680,771622
1965,Antalya,486910,244939,241971
1965,Artvin,210065,102630,107435
1965,Aydın,524918,262021,262897
1965,Balıkesir,708342,365959,342383
1965,Bilecik,139041,68900,70141
1965,Bingöl,150521,77758,72763
1965,Bitlis,154069,80996,73073
1965,Bolu,383939,189663,194276
1965,Burdur,194950,98137,96813
1965,Bursa,755504,379055,376449
1965,Çanakkale,350317,182806,167511
1965,Çankırı,250706,120131,130575
1965,Çorum,485567,240576,244991
1965,Denizli,463369,230468,232901
1965,Diyarbakır,475916,249874,226042
1965,Edirne,303234,157377,145857
1965,Elazığ,322727,165636,157091
1965,Erzincan,258586,129233,129353
1965,Erzurum,628001,324977,303024
1965,Eskişehir,415101,210949,204152
1965,Gaziantep,511026,262815,248211
1965,Giresun,428015,207320,220695
1965,Gümüşhane,262731,123907,138824
1965,Hakkari,83937,45680,38257
1965,Hatay,506154,266594,239560
1965,Isparta,266240,136333,129907
1965,İstanbul,2293823,1243900,1049923
1965,İzmir,1234667,641118,593549
1965,Kahramanmaraş,438423,222104,216319
1965,Kars,606313,312952,293361
1965,Kastamonu,441638,209389,232249
1965,Kayseri,536206,266972,269234
1965,Kırklareli,258386,137823,120563
1965,Kırşehir,196836,95762,101074
1965,Kocaeli,335518,177915,157603
1965,Konya,1122622,560069,562553
1965,Kütahya,398081,200954,197127
1965,Malatya,452624,230274,222350
1965,Manisa,748545,381798,366747
1965,Mardin,397880,205313,192567
1965,Mersin,511273,262008,249265
1965,Muğla,334973,166339,168634
1965,Muş,198716,103298,95418
1965,Nevşehir,203316,98083,105233
1965,Niğde,362444,177689,184755
1965,Ordu,543863,268141,275722
1965,Rize,281099,130070,151029
1965,Sakarya,404078,203896,200182
1965,Samsun,755946,379635,376311
1965,Siirt,264832,139686,125146
1965,Sinop,266069,128830,137239
1965,Sivas,705186,350377,354809
1965,Şanlıurfa,450798,230612,220186
1965,Tekirdağ,287381,150140,137241
1965,Tokat,495352,251748,243604
1965,Trabzon,595782,281583,314199
1965,Tunceli,154175,78112,76063
1965,Uşak,190536,94315,96221
1965,Van,266840,142446,124394
1965,Yozgat,437883,217744,220139
1965,Zonguldak,650191,326918,323273
1960,Adana,760803,395283,365520
1960,Adıyaman,233717,119454,114263
1960,Afyonkarahisar,459115,230220,228895
1960,Ağrı,215118,113381,101737
1960,Amasya,257281,134725,122556
1960,Ankara,1321380,712768,608612
1960,Antalya,416130,206690,209440
1960,Artvin,196301,96463,99838
1960,Aydın,467341,233400,233941
1960,Balıkesir,670669,346290,324379
1960,Bilecik,145699,71594,74105
1960,Bingöl,131364,67905,63459
1960,Bitlis,128966,67760,61206
1960,Bolu,353004,173623,179381
1960,Burdur,179514,90057,89457
1960,Bursa,693894,348324,345570
1960,Çanakkale,337610,176088,161522
1960,Çankırı,241452,116722,124730
1960,Çorum,446389,223295,223094
1960,Denizli,425449,211121,214328
1960,Diyarbakır,401884,208650,193234
1960,Edirne,276479,142130,134349
1960,Elazığ,278332,141583,136749
1960,Erzincan,243005,122282,120723
1960,Erzurum,568864,296897,271967
1960,Eskişehir,368827,189790,179037
1960,Gaziantep,434579,223508,211071
1960,Giresun,381453,183442,198011
1960,Gümüşhane,243115,114861,128254
1960,Hakkari,67766,36332,31434
1960,Hatay,441209,232990,208219
1960,Isparta,242352,123471,118881
1960,İstanbul,1882092,1028130,853962
1960,İzmir,1063490,552498,510992
1960,Kahramanmaraş,389857,197607,192250
1960,Kars,543600,282204,261396
1960,Kastamonu,433620,205756,227864
1960,Kayseri,480387,241655,238732
1960,Kırklareli,241146,126244,114902
1960,Kırşehir,175749,86123,89626
1960,Kocaeli,297463,159813,137650
1960,Konya,982422,491102,491320
1960,Kütahya,367753,186299,181454
1960,Malatya,394172,198990,195182
1960,Manisa,657104,334446,322658
1960,Mardin,353411,181646,171765
1960,Mersin,444523,227666,216857
1960,Muğla,299611,148008,151603
1960,Muş,167638,87402,80236
1960,Nevşehir,187398,92062,95336
1960,Niğde,322917,159443,163474
1960,Ordu,469379,230447,238932
1960,Rize,248930,113345,135585
1960,Sakarya,361992,184463,177529
1960,Samsun,654602,330141,324461
1960,Siirt,232243,121732,110511
1960,Sinop,249730,121609,128121
1960,Sivas,669922,336071,333851
1960,Şanlıurfa,401919,205907,196012
1960,Tekirdağ,274806,143013,131793
1960,Tokat,437590,221131,216459
1960,Trabzon,532999,251086,281913
1960,Tunceli,140068,71086,68982
1960,Uşak,184733,91405,93328
1960,Van,211034,111246,99788
1960,Yozgat,402400,202830,199570
1960,Zonguldak,569059,290293,278766
1955,Adana,628505,325385,303120
1955,Adıyaman,208755,107342,101413
1955,Afyonkarahisar,406166,200404,205762
1955,Ağrı,181348,96538,84810
1955,Amasya,227044,116326,110718
1955,Ankara,1120864,604887,515977
1955,Antalya,357568,175844,181724
1955,Artvin,176845,85677,91168
1955,Aydın,414564,207403,207161
1955,Balıkesir,612013,312588,299425
1955,Bilecik,139233,67961,71272
1955,Bingöl,113341,59517,53824
1955,Bitlis,111187,58479,52708
1955,Bolu,318219,153673,164546
1955,Burdur,157183,77335,79848
1955,Bursa,598898,298083,300815
1955,Çanakkale,311456,162797,148659
1955,Çankırı,228132,109314,118818
1955,Çorum,401547,197643,203904
1955,Denizli,368294,179342,188952
1955,Diyarbakır,343903,177833,166070
1955,Edirne,252190,129453,122737
1955,Elazığ,242279,124224,118055
1955,Erzincan,215592,105368,110224
1955,Erzurum,519976,278943,241033
1955,Eskişehir,323511,165566,157945
1955,Gaziantep,376969,194842,182127
1955,Giresun,334297,157930,176367
1955,Gümüşhane,211563,99184,112379
1955,Hakkari,54824,29376,25448
1955,Hatay,363631,191777,171854
1955,Isparta,212080,104465,107615
1955,İstanbul,1533822,858565,675257
1955,İzmir,910496,469816,440680
1955,Kahramanmaraş,336797,172568,164229
1955,Kars,487844,259215,228629
1955,Kastamonu,393739,184303,209436
1955,Kayseri,422010,210707,211303
1955,Kırklareli,222856,116831,106025
1955,Kocaeli,253174,136816,116358
1955,Konya,847723,421040,426683
1955,Kütahya,330978,166682,164296
1955,Malatya,342835,174198,168637
1955,Manisa,562155,283943,278212
1955,Mardin,305520,156000,149520
1955,Mersin,371667,188251,183416
1955,Muğla,267579,130712,136867
1955,Muş,136401,71468,64933
1955,Nevşehir,239054,116592,122462
1955,Niğde,285448,140390,145058
1955,Ordu,407687,198502,209185
1955,Rize,211967,92142,119825
1955,Sakarya,297108,150352,146756
1955,Samsun,549156,274558,274598
1955,Siirt,191234,100934,90300
1955,Sinop,239027,114513,124514
1955,Sivas,590869,290486,300383
1955,Şanlıurfa,348199,178635,169564
1955,Tekirdağ,251071,127925,123146
1955,Tokat,388727,193751,194976
1955,Trabzon,462249,214478,247771
1955,Tunceli,121743,61775,59968
1955,Uşak,165374,81393,83981
1955,Van,175250,93090,82160
1955,Yozgat,391880,195999,195881
1955,Zonguldak,491147,251292,239855
1950,Adana,508518,264565,243953
1950,Afyonkarahisar,372273,185538,186735
1950,Ağrı,155455,80355,75100
1950,Amasya,163669,83953,79716
1950,Ankara,819693,433371,386322
1950,Antalya,311442,152843,158599
1950,Artvin,174977,85154,89823
1950,Aydın,335663,167253,168410
1950,Balıkesir,563221,285346,277875
1950,Bilecik,137030,67661,69369
1950,Bingöl,97328,53082,44246
1950,Bitlis,88634,46574,42060
1950,Bolu,303111,147266,155845
1950,Burdur,136555,66928,69627
1950,Bursa,545919,272239,273680
1950,Çanakkale,289429,148875,140554
1950,Çankırı,217188,104340,112848
1950,Çorum,341353,170001,171352
1950,Denizli,340277,165883,174394
1950,Diyarbakır,293738,150509,143229
1950,Edirne,221268,111446,109822
1950,Elazığ,213330,109064,104266
1950,Erzincan,197770,95721,102049
1950,Erzurum,461090,239377,221713
1950,Eskişehir,276164,139561,136603
1950,Gaziantep,328343,165434,162909
1950,Giresun,299555,139236,160319
1950,Gümüşhane,203994,97471,106523
1950,Hakkari,44207,23685,20522
1950,Hatay,296799,152750,144049
1950,Isparta,186316,89466,96850
1950,İstanbul,1166477,615308,551169
1950,İzmir,768411,388744,379667
1950,Kahramanmaraş,288843,145364,143479
1950,Kars,410236,210044,200192
1950,Kastamonu,412016,192548,219468
1950,Kayseri,403861,199196,204665
1950,Kırklareli,191376,97724,93652
1950,Kırşehir,181899,90891,91008
1950,Kocaeli,474644,244824,229820
1950,Konya,741026,364553,376473
1950,Kütahya,422815,208492,214323
1950,Malatya,483568,243578,239990
1950,Manisa,520091,267195,252896
1950,Mardin,269490,137861,131629
1950,Mersin,317929,158906,159023
1950,Muğla,241640,122172,119468
1950,Muş,107286,55383,51903
1950,Niğde,331470,163235,168235
1950,Ordu,373028,181051,191977
1950,Rize,181512,76938,104574
1950,Samsun,475660,238671,236989
1950,Siirt,156703,82773,73930
1950,Sinop,225621,109011,116610
1950,Sivas,542004,269347,272657
1950,Şanlıurfa,298394,151339,147055
1950,Tekirdağ,224821,113990,110831
1950,Tokat,388923,194356,194567
1950,Trabzon,420279,196164,224115
1950,Tunceli,105759,54204,51555
1950,Van,145944,78304,67640
1950,Yozgat,324469,163718,160751
1950,Zonguldak,426684,216254,210430
1945,Adana,418740,215750,202990
1945,Afyonkarahisar,335609,165333,170276
1945,Ağrı,133504,69670,63834
1945,Amasya,147870,75167,72703
1945,Ankara,695526,370768,324758
1945,Antalya,278178,134714,143464
1945,Artvin,159328,76087,83241
1945,Aydın,294407,142929,151478
1945,Balıkesir,524748,264340,260408
1945,Bilecik,136053,65602,70451
1945,Bingöl,75510,38026,37484
1945,Bitlis,71950,37910,34040
1945,Bolu,276367,132189,144178
1945,Burdur,125792,60423,65369
1945,Bursa,491899,242727,249172
1945,Çanakkale,317254,183526,133728
1945,Çankırı,197356,94754,102602
1945,Çorum,312723,153753,158970
1945,Denizli,315934,150139,165795
1945,Diyarbakır,249949,127466,122483
1945,Edirne,198271,99378,98893
1945,Elazığ,198081,101147,96934
1945,Erzincan,171868,83261,88607
1945,Erzurum,395876,203943,191933
1945,Eskişehir,244251,126367,117884
1945,Gaziantep,290058,148481,141577
1945,Giresun,283626,133784,149842
1945,Gümüşhane,190130,91286,98844
1945,Hakkari,35124,18201,16923
1945,Hatay,254141,130870,123271
1945,Isparta,172543,82620,89923
1945,İstanbul,1078399,593494,484905
1945,İzmir,673581,342951,330630
1945,Kahramanmaraş,261550,133126,128424
1945,Kars,381176,203826,177350
1945,Kastamonu,385410,177797,207613
1945,Kayseri,370089,183775,186314
1945,Kırklareli,178203,91099,87104
1945,Kırşehir,157565,75653,81912
1945,Kocaeli,416058,216318,199740
1945,Konya,661877,325452,336425
1945,Kütahya,384625,185525,199100
1945,Malatya,428660,214822,213838
1945,Manisa,472789,234013,238776
1945,Mardin,234457,118071,116386
1945,Mersin,279484,138601,140883
1945,Muğla,220678,107440,113238
1945,Muş,82699,41139,41560
1945,Niğde,296584,145334,151250
1945,Ordu,333008,161873,171135
1945,Rize,171929,72237,99692
1945,Samsun,407541,205328,202213
1945,Siirt,133627,69766,63861
1945,Sinop,205276,98758,106518
1945,Sivas,490493,243590,246903
1945,Şanlıurfa,263855,133595,130260
1945,Tekirdağ,202606,100908,101698
1945,Tokat,340749,169365,171384
1945,Trabzon,395384,184632,210752
1945,Tunceli,90446,45814,44632
1945,Van,127858,69362,58496
1945,Yozgat,287371,143300,144071
1945,Zonguldak,383481,199005,184476
1940,Adana,375777,192202,183575
1940,Afyonkarahisar,316034,149538,166496
1940,Ağrı,121477,64093,57384
1940,Amasya,136029,67120,68909
1940,Ankara,602965,305626,297339
1940,Antalya,256366,123397,132969
1940,Artvin,153273,74410,78863
1940,Aydın,281784,135516,146268
1940,Balıkesir,482827,234620,248207
1940,Bilecik,127977,60020,67957
1940,Bingöl,70184,34858,35326
1940,Bitlis,68825,36051,32774
1940,Bolu,257393,117898,139495
1940,Burdur,119498,57065,62433
1940,Bursa,461648,220945,240703
1940,Çanakkale,304588,177485,127103
1940,Çankırı,183782,82786,100996
1940,Çorum,302745,145309,157436
1940,Denizli,285225,132923,152302
1940,Diyarbakır,257321,133050,124271
1940,Edirne,251373,148606,102767
1940,Elazığ,190366,96580,93786
1940,Erzincan,158498,78015,80483
1940,Erzurum,371394,190485,180909
1940,Eskişehir,206794,103378,103416
1940,Gaziantep,306906,158257,148649
1940,Giresun,279236,134102,145134
1940,Gümüşhane,181290,87562,93728
1940,Hakkari,36446,18460,17986
1940,Hatay,246138,129342,116796
1940,Isparta,171751,80426,91325
1940,İstanbul,991237,538982,452255
1940,İzmir,640107,325459,314648
1940,Kahramanmaraş,202073,101701,100372
1940,Kars,356534,194243,162291
1940,Kastamonu,369847,164223,205624
1940,Kayseri,342969,167373,175596
1940,Kırklareli,256353,170248,86105
1940,Kırşehir,149518,69890,79628
1940,Kocaeli,375530,191901,183629
1940,Konya,620936,300253,320683
1940,Kütahya,359890,168140,191750
1940,Malatya,418473,206980,211493
1940,Manisa,455812,225070,230742
1940,Mardin,252505,126002,126503
1940,Mersin,257709,126130,131579
1940,Muğla,211445,102714,108731
1940,Muş,73939,37720,36219
1940,Niğde,275443,132847,142596
1940,Ordu,305017,143892,161125
1940,Rize,172764,72559,100205
1940,Samsun,363384,178031,185353
1940,Siirt,146522,75338,71184
1940,Sinop,190844,88800,102044
1940,Sivas,468243,231211,237032
1940,Şanlıurfa,245398,125876,119522
1940,Tekirdağ,209888,106742,103146
1940,Tokat,317919,154554,163365
1940,Trabzon,390733,181233,209500
1940,Tunceli,94639,48868,45771
1940,Van,112975,59969,53006
1940,Yozgat,276611,135972,140639
1940,Zonguldak,349783,175866,173917
1935,Adana,383645,199525,184120
1935,Afyonkarahisar,299248,144199,155049
1935,Ağrı,107206,55967,51239
1935,Amasya,128113,62228,65885
1935,Ankara,534025,272843,261182
1935,Antalya,242609,115210,127399
1935,Artvin,271900,120933,150967
1935,Aydın,261078,126081,134997
1935,Balıkesir,481372,236637,244735
1935,Bilecik,125421,60130,65291
1935,Bolu,248027,114923,133104
1935,Burdur,95809,45143,50666
1935,Bursa,442760,217013,225747
1935,Çanakkale,222792,113702,109090
1935,Çankırı,177587,81591,95996
1935,Çorum,284773,137295,147478
1935,Denizli,285918,132822,153096
1935,Diyarbakır,214142,107229,106913
1935,Edirne,184840,92743,92097
1935,Elazığ,256189,128124,128065
1935,Erzincan,157344,77275,80069
1935,Erzurum,385387,189467,195920
1935,Eskişehir,183205,90741,92464
1935,Gaziantep,283506,145811,137695
1935,Giresun,260154,124388,135766
1935,Gümüşhane,162667,78301,84366
1935,Isparta,166441,78278,88163
1935,İstanbul,883599,457343,426256
1935,İzmir,596850,304969,291881
1935,Kahramanmaraş,188877,95029,93848
1935,Kars,305536,160757,144779
1935,Kastamonu,361191,163162,198029
1935,Kayseri,310458,149737,160721
1935,Kırklareli,172697,95498,77199
1935,Kırşehir,145932,68405,77527
1935,Kocaeli,335292,168655,166637
1935,Konya,569684,272133,297551
1935,Kütahya,347682,165072,182610
1935,Malatya,410162,202198,207964
1935,Manisa,426237,208883,217354
1935,Mardin,229921,112599,117322
1935,Mersin,244236,120843,123393
1935,Muğla,196772,93356,103416
1935,Muş,143899,73608,70291
1935,Niğde,247376,119415,127961
1935,Ordu,283054,132940,150114
1935,Samsun,337817,165221,172596
1935,Siirt,127518,63231,64287
1935,Sinop,192303,90768,101535
1935,Sivas,432996,211947,221049
1935,Şanlıurfa,229614,114704,114910
1935,Tekirdağ,194252,100191,94061
1935,Tokat,309863,149809,160054
1935,Trabzon,360679,166514,194165
1935,Van,143434,75053,68381
1935,Yozgat,261821,127623,134198
1935,Zonguldak,322108,158508,163600
1927,Adana,227718,116341,111377
1927,Afyonkarahisar,259377,120398,138979
1927,Aksaray,127031,60407,66624
1927,Amasya,114884,55842,59042
1927,Ankara,404720,205368,199352
1927,Antalya,204372,93212,111160
1927,Artvin,90066,44532,45534
1927,Aydın,212541,99313,113228
1927,Balıkesir,421066,206220,214846
1927,Bilecik,113660,53498,60162
1927,Bitlis,90631,47548,43083
1927,Bolu,218246,98941,119305
1927,Burdur,83614,38678,44936
1927,Bursa,401595,192730,208865
1927,Çanakkale,181735,87676,94059
1927,Çankırı,157219,70606,86613
1927,Çorum,247926,116101,131825
1927,Denizli,245048,110330,134718
1927,Diyarbakır,194316,97387,96929
1927,Edirne,150840,73508,77332
1927,Erzincan,132325,64311,68014
1927,Erzurum,270426,132249,138177
1927,Eskişehir,154332,74580,79752
1927,Gaziantep,215762,105907,109855
1927,Giresun,165033,76175,88858
1927,Gümüşhane,122231,57387,64844
1927,Hakkari,24980,12968,12012
1927,Isparta,144437,69023,75414
1927,İstanbul,794444,404558,389886
1927,İzmir,526005,269262,256743
1927,Kahramanmaraş,186855,93443,93412
1927,Kars,204846,108803,96043
1927,Kastamonu,336501,148579,187922
1927,Kayseri,251370,118488,132882
1927,Kırklareli,108989,54860,54129
1927,Kırşehir,126901,57714,69187
1927,Kocaeli,286600,141366,145234
1927,Konya,504384,238350,266034
1927,Kütahya,302426,139241,163185
1927,Malatya,306882,144627,162255
1927,Manisa,374013,183044,190969
1927,Mardin,183471,90539,92932
1927,Muğla,175390,79921,95469
1927,Niğde,166056,78110,87946
1927,Ordu,202354,90336,112018
1927,Rize,171657,72371,99286
1927,Samsun,274065,131794,142271
1927,Siirt,102433,50353,52080
1927,Sinop,169965,78186,91779
1927,Sivas,329551,153841,175710
1927,Tekirdağ,131446,65565,65881
1927,Tokat,263063,124416,138647
1927,Trabzon,290303,130926,159377
1927,Van,75329,39525,35804
1927,Yozgat,209497,98075,111422
1927,Zonguldak,268909,127366,141543
